   +4.7402835930e+00        +0.0000000000e+00      0
   +1.0054957376e+01        +0.0000000000e+00      0
   +1.4095030872e+01        +1.1630903916e-14      0
   +1.7239839488e+01        +8.7459168339e-15      0
   +1.9735148856e+01        +6.9860312006e-15      0
   +2.1748237122e+01        +5.7696065425e-15      0
   +2.3395802356e+01        +4.8638000077e-15      0
   +2.4761264111e+01        +4.1568919954e-15      0
   +2.5905534344e+01        +3.5880068392e-15      0
   +2.6873930196e+01        +3.1205662392e-15      0
   +2.7700730872e+01        +2.7308065693e-15      0
   +2.8412253448e+01        +2.4022955577e-15      0
   +2.9028973279e+01        +2.1231007757e-15      0
   +2.9567013681e+01        +1.8842265029e-15      0
   +3.0039210559e+01        +1.6786970663e-15      0
   +3.0455885122e+01        +1.5009882844e-15      0
   +3.0825412713e+01        +1.3466560998e-15      0
   +3.1154646998e+01        +1.2120825019e-15      0
   +3.1449240055e+01        +1.0942946070e-15      0
   +3.1713886587e+01        +9.9083149540e-16      0
   +3.1952512122e+01        +8.9964355801e-16      0
   +3.2168419432e+01        +8.1901481409e-16      0
   +3.2364403430e+01        +7.4750197921e-16      0
   +3.2542842080e+01        +6.8388606788e-16      0
   +3.2705768869e+01        +6.2713357188e-16      0
   +3.2854930999e+01        +5.7636507379e-16      0
   +3.2991836427e+01        +5.3082970774e-16      0
   +3.3117792125e+01        +4.8988426493e-16      0
   +3.3233935390e+01        +4.5297601871e-16      0
   +3.3341259607e+01        +4.1962854783e-16      0
   +3.3440635559e+01        +3.8942998964e-16      0
   +3.3532829150e+01        +3.6202327232e-16      0
   +3.3618516203e+01        +3.3709796540e-16      0
   +3.3698294883e+01        +3.1438345878e-16      0
   +3.3772696161e+01        +2.9364323620e-16      0
   +3.3842192677e+01        +2.7467005313e-16      0
   +3.3907206262e+01        +2.5728186460e-16      0
   +3.3968114351e+01        +2.4131837675e-16      0
   +3.4025255481e+01        +2.2663811834e-16      0
   +3.4078933998e+01        +2.1311594738e-16      0
   +3.4129424122e+01        +2.0064092259e-16      0
   +3.4176973454e+01        +1.8911448157e-16      0
   +3.4221806020e+01        +1.7844887777e-16      0
   +3.4264124911e+01        +1.6856583610e-16      0
   +3.4304114591e+01        +1.5939539380e-16      0
   +3.4341942907e+01        +1.5087489883e-16      0
   +3.4377762855e+01        +1.4294814236e-16      0
   +3.4411714130e+01        +1.3556460567e-16      0
   +3.4443924488e+01        +1.2867880497e-16      0
   +3.4474510951e+01        +1.2224972036e-16      0
   +3.4503580872e+01        +1.1624029681e-16      0
   +3.4531232875e+01        +1.1061700742e-16      0
   +3.4557557699e+01        +1.0534947038e-16      0
   +3.4582638936e+01        +1.0041011234e-16      0
   +3.4606553699e+01        +9.5773871990e-17      0
   +3.4629373216e+01        +9.1417938702e-17      0
   +3.4651163361e+01        +8.7321521510e-17      0
   +3.4671985128e+01        +8.3465644664e-17      0
   +3.4691895058e+01        +7.9832966338e-17      0
   +3.4710945628e+01        +7.6407617629e-17      0
   +3.4729185591e+01        +7.3175059324e-17      0
   +3.4746660292e+01        +7.0121954295e-17      0
   +3.4763411948e+01        +6.7236053616e-17      0
   +3.4779479906e+01        +6.4506094795e-17      0
   +3.4794900873e+01        +6.1921710682e-17      0
   +3.4809709122e+01        +5.9473347828e-17      0
   +3.4823936689e+01        +5.7152193205e-17      0
   +3.4837613543e+01        +5.4950108335e-17      0
   +3.4850767743e+01        +5.2859570018e-17      0
   +3.4863425585e+01        +5.0873616905e-17      0
   +3.4875611731e+01        +4.8985801294e-17      0
   +3.4887349330e+01        +4.7190145580e-17      0
   +3.4898660129e+01        +4.5481102857e-17      0
   +3.4909564571e+01        +4.3853521238e-17      0
   +3.4920081892e+01        +4.2302611507e-17      0
   +3.4930230201e+01        +4.0823917746e-17      0
   +3.4940026562e+01        +3.9413290653e-17      0
   +3.4949487062e+01        +3.8066863258e-17      0
   +3.4958626881e+01        +3.6781028809e-17      0
   +3.4967460351e+01        +3.5552420615e-17      0
   +3.4976001011e+01        +3.4377893644e-17      0
   +3.4984261660e+01        +3.3254507714e-17      0
   +3.4992254407e+01        +3.2179512123e-17      0
   +3.4999990712e+01        +3.1150331579e-17      0
   +3.5007481429e+01        +3.0164553308e-17      0
   +3.5014736845e+01        +2.9219915236e-17      0
   +3.5021766711e+01        +2.8314295134e-17      0
   +3.5028580282e+01        +2.7445700651e-17      0
   +3.5035186341e+01        +2.6612260151e-17      0
   +3.5041593228e+01        +2.5812214272e-17      0
   +3.5047808872e+01        +2.5043908160e-17      0
   +3.5053840808e+01        +2.4305784306e-17      0
   +3.5059696205e+01        +2.3596375940e-17      0
   +3.5065381886e+01        +2.2914300927e-17      0
   +3.5070904346e+01        +2.2258256133e-17      0
   +3.5076269775e+01        +2.1627012213e-17      0
   +3.5081484069e+01        +2.1019408783e-17      0
   +3.5086552852e+01        +2.0434349957e-17      0
   +3.5091481489e+01        +1.9870800209e-17      0
   +3.5096275098e+01        +1.9327780526e-17      0
   +3.5100938568e+01        +1.8804364852e-17      0
   +3.5105476566e+01        +1.8299676778e-17      0
   +3.5109893555e+01        +1.7812886463e-17      0
   +3.5114193798e+01        +1.7343207781e-17      0
   +3.5118381374e+01        +1.6889895653e-17      0
   +3.5122460184e+01        +1.6452243575e-17      0
   +1.3702436645e+00        +0.0000000000e+00      0
   +6.7083691244e+00        +0.0000000000e+00      0
   +1.0736611641e+01        +6.8205722732e-15      0
   +1.3881420258e+01        +4.9961487243e-15      0
   +1.6376729625e+01        +3.9886498208e-15      0
   +1.8389817891e+01        +3.3287477484e-15      0
   +2.0037383125e+01        +2.8503216243e-15      0
   +2.1402844880e+01        +2.4801503263e-15      0
   +2.2547115113e+01        +2.1811322277e-15      0
   +2.3515510965e+01        +1.9324801595e-15      0
   +2.4342311641e+01        +1.7215785338e-15      0
   +2.5053834217e+01        +1.5402320356e-15      0
   +2.5670554048e+01        +1.3827895230e-15      0
   +2.6208594450e+01        +1.2451461096e-15      0
   +2.6680791328e+01        +1.1241858414e-15      0
   +2.7097465891e+01        +1.0174572223e-15      0
   +2.7466993482e+01        +9.2297683488e-16      0
   +2.7796227767e+01        +8.3910576255e-16      0
   +2.8090820824e+01        +7.6446859034e-16      0
   +2.8355467356e+01        +6.9789801235e-16      0
   +2.8594092891e+01        +6.3839530403e-16      0
   +2.8810000201e+01        +5.8510095537e-16      0
   +2.9005984199e+01        +5.3727205837e-16      0
   +2.9184422849e+01        +4.9426436871e-16      0
   +2.9347349638e+01        +4.5551773709e-16      0
   +2.9496511768e+01        +4.2054406617e-16      0
   +2.9633417196e+01        +3.8891722636e-16      0
   +2.9759372894e+01        +3.6026453419e-16      0
   +2.9875516159e+01        +3.3425950487e-16      0
   +2.9982840376e+01        +3.1061566074e-16      0
   +3.0082216328e+01        +2.8908122486e-16      0
   +3.0174409919e+01        +2.6943456273e-16      0
   +3.0260096972e+01        +2.5148025951e-16      0
   +3.0339875652e+01        +2.3504573949e-16      0
   +3.0414276930e+01        +2.1997834890e-16      0
   +3.0483773446e+01        +2.0614283592e-16      0
   +3.0548787031e+01        +1.9341917106e-16      0
   +3.0609695120e+01        +1.8170065995e-16      0
   +3.0666836250e+01        +1.7089230742e-16      0
   +3.0720514767e+01        +1.6090939757e-16      0
   +3.0771004891e+01        +1.5167625988e-16      0
   +3.0818554223e+01        +1.4312519564e-16      0
   +3.0863386789e+01        +1.3519554248e-16      0
   +3.0905705680e+01        +1.2783285834e-16      0
   +3.0945695360e+01        +1.2098820842e-16      0
   +3.0983523676e+01        +1.1461754143e-16      0
   +3.1019343624e+01        +1.0868114304e-16      0
   +3.1053294899e+01        +1.0314315637e-16      0
   +3.1085505257e+01        +9.7971160598e-17      0
   +3.1116091720e+01        +9.3135800228e-17      0
   +3.1145161641e+01        +8.8610458308e-17      0
   +3.1172813645e+01        +8.4370968080e-17      0
   +3.1199138468e+01        +8.0395358118e-17      0
   +3.1224219705e+01        +7.6663626756e-17      0
   +3.1248134468e+01        +7.3157542147e-17      0
   +3.1270953985e+01        +6.9860464796e-17      0
   +3.1292744130e+01        +6.6757189820e-17      0
   +3.1313565897e+01        +6.3833806531e-17      0
   +3.1333475828e+01        +6.1077573299e-17      0
   +3.1352526397e+01        +5.8476805841e-17      0
   +3.1370766360e+01        +5.6020777402e-17      0
   +3.1388241061e+01        +5.3699629414e-17      0
   +3.1404992717e+01        +5.1504291443e-17      0
   +3.1421060675e+01        +4.9426409370e-17      0
   +3.1436481642e+01        +4.7458280863e-17      0
   +3.1451289891e+01        +4.5592797346e-17      0
   +3.1465517458e+01        +4.3823391734e-17      0
   +3.1479194312e+01        +4.2143991310e-17      0
   +3.1492348512e+01        +4.0548975186e-17      0
   +3.1505006354e+01        +3.9033135864e-17      0
   +3.1517192500e+01        +3.7591644449e-17      0
   +3.1528930099e+01        +3.6220019150e-17      0
   +3.1540240898e+01        +3.4914096707e-17      0
   +3.1551145340e+01        +3.3670006461e-17      0
   +3.1561662661e+01        +3.2484146791e-17      0
   +3.1571810970e+01        +3.1353163674e-17      0
   +3.1581607331e+01        +3.0273931168e-17      0
   +3.1591067831e+01        +2.9243533622e-17      0
   +3.1600207650e+01        +2.8259249438e-17      0
   +3.1609041120e+01        +2.7318536248e-17      0
   +3.1617581780e+01        +2.6419017366e-17      0
   +3.1625842429e+01        +2.5558469377e-17      0
   +3.1633835176e+01        +2.4734810792e-17      0
   +3.1641571481e+01        +2.3946091629e-17      0
   +3.1649062198e+01        +2.3190483867e-17      0
   +3.1656317614e+01        +2.2466272673e-17      0
   +3.1663347481e+01        +2.1771848341e-17      0
   +3.1670161051e+01        +2.1105698883e-17      0
   +3.1676767110e+01        +2.0466403199e-17      0
   +3.1683173997e+01        +1.9852624790e-17      0
   +3.1689389641e+01        +1.9263105963e-17      0
   +3.1695421577e+01        +1.8696662477e-17      0
   +3.1701276974e+01        +1.8152178607e-17      0
   +3.1706962655e+01        +1.7628602575e-17      0
   +3.1712485115e+01        +1.7124942328e-17      0
   +3.1717850544e+01        +1.6640261633e-17      0
   +3.1723064838e+01        +1.6173676454e-17      0
   +3.1728133621e+01        +1.5724351599e-17      0
   +3.1733062258e+01        +1.5291497608e-17      0
   +3.1737855867e+01        +1.4874367866e-17      0
   +3.1742519337e+01        +1.4472255924e-17      0
   +3.1747057336e+01        +1.4084493001e-17      0
   +3.1751474324e+01        +1.3710445672e-17      0
   +3.1755774567e+01        +1.3349513710e-17      0
   +3.1759962143e+01        +1.3001128076e-17      0
   +3.1764040953e+01        +1.2664749054e-17      0
