1.3559    0.00000000000000000000e+00    0.00000e+00
4.7145    0.00000000000000000000e+00    0.00000e+00
6.6704    0.00000000000000000000e+00    0.00000e+00
10.0253    0.00000000000000000000e+00    0.00000e+00
10.7124    0.00000000000000000000e+00    0.00000e+00
13.8576    0.00000000000000000000e+00    0.00000e+00
14.0658    0.00000000000000000000e+00    0.00000e+00
16.3537    0.00000000000000000000e+00    0.00000e+00
17.2076    0.00000000000000000000e+00    0.00000e+00
18.3672    0.00000000000000000000e+00    0.00000e+00
19.7009    0.00000000000000000000e+00    0.00000e+00
20.0154    0.00000000000000000000e+00    0.00000e+00
21.3808    0.00000000000000000000e+00    0.00000e+00
21.7131    0.00000000000000000000e+00    0.00000e+00
22.5320    0.00000000000000000000e+00    0.00000e+00
23.3592    0.00000000000000000000e+00    0.00000e+00
23.5823    0.00000000000000000000e+00    0.00000e+00
24.7273    0.00000000000000000000e+00    0.00000e+00
24.7371    0.00000000000000000000e+00    0.00000e+00
25.0772    6.55314422270095408439e-20    0.00000e+00
25.6939    6.29684214171916763895e-20    0.00000e+00
25.8743    0.00000000000000000000e+00    0.00000e+00
26.2320    6.08678662040413177325e-20    0.00000e+00
26.7042    5.91232035371118008140e-20    0.00000e+00
26.9270    0.00000000000000000000e+00    0.00000e+00
27.1208    5.76572282687728423476e-20    0.00000e+00
27.4904    5.64128020002454133348e-20    0.00000e+00
27.8196    5.53468449879342353558e-20    0.00000e+00
28.0713    0.00000000000000000000e+00    0.00000e+00
28.1142    5.44263435720171414432e-20    0.00000e+00
28.3788    5.36256305716562216776e-20    0.00000e+00
28.4246    1.82423836054758214361e-19    0.00000e+00
28.6175    5.29244920349370509131e-20    0.00000e+00
28.8334    5.23068235636631110254e-20    0.00000e+00
29.0293    5.17596600849982528567e-20    0.00000e+00
29.0413    1.75795884021960952034e-19    0.00000e+00
29.2078    5.12724643203803339336e-20    0.00000e+00
29.3707    5.08365975956099567575e-20    0.00000e+00
29.5199    5.04449212069188330910e-20    0.00000e+00
29.5794    1.70341069724756387309e-19    0.00000e+00
29.6568    5.00914926104569204116e-20    0.00000e+00
29.7827    4.97713313882560861787e-20    0.00000e+00
29.8989    4.94802371793953680932e-20    0.00000e+00
30.0062    4.92146467418006694879e-20    0.00000e+00
30.0516    1.65794536255954113314e-19    0.00000e+00
30.1056    4.89715207828371836370e-20    0.00000e+00
30.1978    4.87482536524110883866e-20    0.00000e+00
30.2835    4.85426007501180248308e-20    0.00000e+00
30.3632    4.83526197708469337838e-20    0.00000e+00
30.4376    4.81766228446413634452e-20    0.00000e+00
30.4682    1.61962775101057927240e-19    0.00000e+00
30.5071    4.80131373151820673273e-20    0.00000e+00
30.5721    4.78608734148577187961e-20    0.00000e+00
30.6331    4.77186974808712337668e-20    0.00000e+00
30.6902    4.75856096502620678432e-20    0.00000e+00
30.7439    4.74607251958059425722e-20    0.00000e+00
30.7944    4.73432588376713000717e-20    0.00000e+00
30.8378    1.58701548570984296394e-19    0.00000e+00
30.8419    4.72325114995705608855e-20    0.00000e+00
30.8867    4.71278590827295443398e-20    0.00000e+00
30.9291    4.70287429132466211748e-20    0.00000e+00
30.9691    4.69346615831865496739e-20    0.00000e+00
31.0069    4.68451639574492344641e-20    0.00000e+00
31.0427    4.67598431595404615967e-20    0.00000e+00
31.0767    4.66783313825542387686e-20    0.00000e+00
31.1089    4.66002953982759236574e-20    0.00000e+00
31.1395    4.65254326589740305705e-20    0.00000e+00
31.1670    1.55901448689550705946e-19    0.00000e+00
31.1685    4.64534679040684872806e-20    0.00000e+00
31.1962    4.63841501982460550406e-20    0.00000e+00
31.2225    4.63172503393638794219e-20    0.00000e+00
31.2476    4.62525585843541917011e-20    0.00000e+00
31.2715    4.61898826491994881142e-20    0.00000e+00
31.2943    4.61290459459285911557e-20    0.00000e+00
31.3161    4.60698860250338131015e-20    0.00000e+00
31.3369    4.60122531963994906066e-20    0.00000e+00
31.3568    4.59560093057698915231e-20    0.00000e+00
31.3759    4.59010266469875091686e-20    0.00000e+00
31.3941    4.58471869931113083434e-20    0.00000e+00
31.4116    4.57943807317704828161e-20    0.00000e+00
31.4284    4.57425060921758008128e-20    0.00000e+00
31.4444    4.56914684528315499066e-20    0.00000e+00
31.4598    4.56411797204944013983e-20    0.00000e+00
31.4616    1.53478197358400389956e-19    0.00000e+00
31.4747    4.55915577721403306994e-20    0.00000e+00
31.4889    4.55425259527350147990e-20    0.00000e+00
31.5026    4.54940126225542423747e-20    0.00000e+00
31.5157    4.54459507485393037470e-20    0.00000e+00
31.5284    4.53982775348950451201e-20    0.00000e+00
31.5406    4.53509340886823106541e-20    0.00000e+00
31.5523    4.53038651166865659988e-20    0.00000e+00
31.5636    4.52570186502625440876e-20    0.00000e+00
31.5745    4.52103457952950215781e-20    0.00000e+00
31.5850    4.51638005046506051832e-20    0.00000e+00
31.5952    4.51173393708844630410e-20    0.00000e+00
31.6050    4.50709214371758566201e-20    0.00000e+00
31.6144    4.50245080246805041010e-20    0.00000e+00
31.6236    4.49780625747127307175e-20    0.00000e+00
31.6324    4.49315505043279748370e-20    0.00000e+00
31.6409    4.48849390740359563872e-20    0.00000e+00
31.6492    4.48381972664727838907e-20    0.00000e+00
31.6572    4.47912956750757939436e-20    0.00000e+00
31.6649    4.47442064017728442251e-20    0.00000e+00
31.6724    4.46969029629100848081e-20    0.00000e+00
31.6797    4.46493602026693279673e-20    0.00000e+00
31.6867    4.46015542132865687514e-20    0.00000e+00
31.6935    4.45534622615141477502e-20    0.00000e+00
31.7001    4.45050627207334599103e-20    0.00000e+00
31.7065    4.44563350082777432030e-20    0.00000e+00
31.7128    4.44072595274875271678e-20    0.00000e+00
31.7188    4.43578176141016928156e-20    0.00000e+00
31.7246    4.43079914866425441075e-20    0.00000e+00
31.7262    1.51365978050505932363e-19    0.00000e+00
31.7303    4.42577642004428370318e-20    0.00000e+00
31.7358    4.42071196050192864969e-20    0.00000e+00
31.7412    4.41560423045186657467e-20    0.00000e+00
31.7464    4.41045176210091904155e-20    0.00000e+00
31.7515    4.40525315603374639553e-20    0.00000e+00
31.7564    4.40000707804168434141e-20    0.00000e+00
31.7612    4.39471225617056116343e-20    0.00000e+00
31.7659    4.38936747796961392958e-20    0.00000e+00
31.7704    4.38397158793242472618e-20    0.00000e+00
31.7748    4.37852348510646784614e-20    0.00000e+00
31.7791    4.37302212086487444524e-20    0.00000e+00
31.7833    4.36746649682487000454e-20    0.00000e+00
31.7874    4.36185566290365096837e-20    0.00000e+00
31.9649    1.49512756489815175936e-19    0.00000e+00
32.1808    1.47876936454568600431e-19    0.00000e+00
32.3767    1.46424930240353762686e-19    0.00000e+00
32.5552    1.45129367303216420731e-19    0.00000e+00
32.7181    1.43967755595780342744e-19    0.00000e+00
32.8673    1.42921468876176330081e-19    0.00000e+00
33.0042    1.41974971977815937393e-19    0.00000e+00
33.1301    1.41115221984318154807e-19    0.00000e+00
33.2463    1.40331200946632922002e-19    0.00000e+00
33.3536    1.39613548021588448478e-19    0.00000e+00
33.4530    1.38954267500211954106e-19    0.00000e+00
33.5452    1.38346495297666077128e-19    0.00000e+00
33.6309    1.37784310865641335943e-19    0.00000e+00
33.7106    1.37262584679381269373e-19    0.00000e+00
33.7850    1.36776853795567708014e-19    0.00000e+00
33.8545    1.36323219716269220616e-19    0.00000e+00
33.9195    1.35898264095439789027e-19    0.00000e+00
33.9805    1.35498978806556258825e-19    0.00000e+00
34.0376    1.35122707637691733979e-19    0.00000e+00
34.0913    1.34767097452751820852e-19    0.00000e+00
34.1418    1.34430057100376808108e-19    0.00000e+00
34.1893    1.34109722695515378418e-19    0.00000e+00
34.2341    1.33804428167608694148e-19    0.00000e+00
34.2765    1.33512680181210298758e-19    0.00000e+00
34.3165    1.33233136702037368846e-19    0.00000e+00
34.3543    1.32964588615076515795e-19    0.00000e+00
34.3901    1.32705943907743019058e-19    0.00000e+00
34.4241    1.32456214017119522940e-19    0.00000e+00
34.4563    1.32214502009358322870e-19    0.00000e+00
34.4869    1.31979992315630319783e-19    0.00000e+00
34.5159    1.31751941794854816911e-19    0.00000e+00
34.5436    1.31529671930918692954e-19    0.00000e+00
34.5699    1.31312562002789221854e-19    0.00000e+00
34.5950    1.31100043091691079858e-19    0.00000e+00
34.6189    1.30891592810053356703e-19    0.00000e+00
34.6417    1.30686730654917732703e-19    0.00000e+00
34.6635    1.30485013902767837365e-19    0.00000e+00
34.6843    1.30286033975021147456e-19    0.00000e+00
34.7042    1.30089413213745431740e-19    0.00000e+00
34.7233    1.29894802015563859750e-19    0.00000e+00
34.7415    1.29701876279263909547e-19    0.00000e+00
34.7590    1.29510335128526523587e-19    0.00000e+00
34.7758    1.29319898876618028715e-19    0.00000e+00
34.7918    1.29130307204152284050e-19    0.00000e+00
34.8072    1.28941317524980073265e-19    0.00000e+00
34.8220    1.28752703518460692162e-19    0.00000e+00
34.8363    1.28564253809096306685e-19    0.00000e+00
34.8500    1.28375770777008333940e-19    0.00000e+00
34.8631    1.28187069484686836182e-19    0.00000e+00
34.8758    1.27997976707344401351e-19    0.00000e+00
34.8880    1.27808330055641162636e-19    0.00000e+00
34.8997    1.27617977180947351355e-19    0.00000e+00
34.9110    1.27426775054412083479e-19    0.00000e+00
34.9219    1.27234589312264347296e-19    0.00000e+00
34.9324    1.27041293660401048122e-19    0.00000e+00
34.9426    1.26846769332336384718e-19    0.00000e+00
34.9524    1.26650904595143088801e-19    0.00000e+00
34.9618    1.26453594298585363942e-19    0.00000e+00
34.9710    1.26254739463234163200e-19    0.00000e+00
34.9798    1.26054246903772553149e-19    0.00000e+00
34.9883    1.25852028884122399853e-19    0.00000e+00
34.9966    1.25648002801285370312e-19    0.00000e+00
35.0046    1.25442090895351568130e-19    0.00000e+00
35.0123    1.25234219983058922036e-19    0.00000e+00
35.0198    1.25024321212835793291e-19    0.00000e+00
35.0271    1.24812329839336786745e-19    0.00000e+00
35.0341    1.24598185015644106146e-19    0.00000e+00
35.0409    1.24381829601644963583e-19    0.00000e+00
35.0475    1.24163209987014326801e-19    0.00000e+00
35.0539    1.23942275927622914909e-19    0.00000e+00
35.0601    1.23718980394103637961e-19    0.00000e+00
35.0662    1.23493279431519024528e-19    0.00000e+00
35.0720    1.23265132029215903849e-19    0.00000e+00
35.0777    1.23034499999931268402e-19    0.00000e+00
35.0832    1.22801347867362550429e-19    0.00000e+00
35.0886    1.22565642761471301636e-19    0.00000e+00
35.0938    1.22327354320911778497e-19    0.00000e+00
35.0989    1.22086454601846031626e-19    0.00000e+00
35.1038    1.21842917992778320672e-19    0.00000e+00
35.1086    1.21596721134771396000e-19    0.00000e+00
35.1133    1.21347842846571999868e-19    0.00000e+00
35.1178    1.21096264054390786582e-19    0.00000e+00
35.1222    1.20841967725730788133e-19    0.00000e+00
35.1265    1.20584938807081991602e-19    0.00000e+00
35.1307    1.20325164165076547863e-19    0.00000e+00
35.1348    1.20062632530855853652e-19    0.00000e+00
